0 0 0 0 0 0 0 0  194673 105 132 1 194911
0 0 0 0 0 1 0 0  14528 1015 46 10 15599
0 0 0 1 0 0 0 0  14374 46 1124 5 15549
0 0 0 0 0 0 1 0  14459 1017 60 8 15544
1 0 0 0 0 0 0 0  14330 58 1118 8 15514
0 0 0 0 0 1 1 0  1016 7317 1 38 8372
1 0 0 1 0 0 0 0  1068 4 7160 36 8268
0 0 0 0 0 0 0 1  7592 585 51 5 8233
1 0 1 0 0 0 1 0  596 3 7571 31 8201
0 0 0 0 0 0 1 1  548 7591 7 51 8197
0 1 0 1 0 0 0 0  537 12 7569 56 8174
0 0 1 0 0 0 1 0  7542 59 554 3 8158
1 0 0 0 1 1 0 0  545 7544 6 59 8154
0 1 0 0 0 0 0 0  7524 42 560 4 8130
0 0 1 0 0 0 0 0  7515 48 537 6 8106
1 0 1 0 0 0 0 0  559 11 7489 39 8098
0 1 0 0 0 1 0 0  7515 40 530 6 8091
0 0 0 0 1 1 0 0  588 7427 4 43 8062
1 0 0 0 1 0 0 0  7386 595 53 5 8039
0 1 0 1 0 1 0 0  571 6 7411 44 8032
0 0 0 1 0 0 0 1  7403 575 42 5 8025
0 0 0 1 0 0 1 1  559 7332 5 46 7942
0 0 0 0 1 0 0 0  7295 559 36 9 7899
1 0 0 1 0 1 1 0  10 51 54 7232 7347
0 0 0 1 0 1 0 0  1117 93 574 64 1848
1 0 0 0 0 1 0 0  1085 584 118 51 1838
1 0 0 0 0 0 1 0  1092 98 578 65 1833
0 0 0 1 0 0 1 0  1071 585 117 57 1830
1 0 0 1 0 1 0 0  83 51 618 602 1354
1 0 0 0 0 1 1 0  76 591 42 587 1296
1 0 0 1 0 0 1 0  69 40 616 543 1268
0 0 0 1 0 1 1 0  75 562 43 541 1221
0 0 0 0 1 1 1 0  90 886 7 41 1024
1 0 1 1 0 0 1 0  78 3 889 52 1022
0 0 0 1 0 1 1 1  75 889 2 54 1020
0 0 0 0 0 1 0 1  876 82 50 7 1015
1 1 0 0 0 1 0 0  875 41 87 6 1009
1 0 0 0 1 1 1 0  78 872 3 51 1004
0 0 0 1 1 1 0 0  54 583 38 324 999
1 0 0 0 0 0 0 1  594 33 335 35 997
0 1 0 1 0 1 1 0  43 48 599 302 992
1 1 0 0 0 0 0 0  871 37 81 3 992
0 0 0 1 0 1 0 1  857 92 35 8 992
0 0 1 1 0 0 0 0  860 42 85 4 991
0 1 0 1 0 0 1 0  31 47 571 333 982
0 0 0 1 1 0 0 0  580 48 311 39 978
1 1 0 1 0 1 0 0  99 6 838 35 978
0 0 0 0 1 0 1 0  843 86 40 6 975
0 0 1 0 0 1 1 0  563 315 46 45 969
0 0 1 1 0 0 1 0  847 47 60 6 960
0 0 1 0 0 1 0 0  558 317 39 46 960
1 0 1 0 0 1 0 0  38 42 556 324 960
1 0 0 1 1 1 0 0  31 559 37 331 958
0 1 0 0 0 0 1 0  565 304 42 35 946
1 0 0 1 0 0 1 1  47 531 56 311 945
0 1 0 0 0 1 1 0  557 311 37 40 945
1 0 0 0 0 0 1 1  45 544 41 314 944
1 0 0 1 1 0 0 0  520 40 331 51 942
1 1 0 1 0 0 0 0  79 6 807 42 934
0 0 0 0 0 1 1 1  87 802 6 38 933
1 0 0 0 1 0 1 0  801 82 44 3 930
1 0 1 1 0 0 0 0  75 0 793 46 914
1 0 0 1 0 0 0 1  542 42 289 41 914
1 0 1 0 0 1 1 0  41 35 527 300 903
0 0 1 0 1 1 1 0  28 306 23 348 705
0 1 0 0 1 0 0 0  317 305 23 32 677
1 1 0 1 1 0 0 0  23 31 310 310 674
0 1 0 1 1 1 0 0  17 24 334 296 671
0 0 1 0 1 0 1 0  286 29 335 19 669
0 0 1 1 0 0 1 1  311 304 18 34 667
1 1 0 1 1 1 0 0  22 19 312 312 665
0 1 0 0 0 1 1 1  26 318 26 290 660
1 0 1 0 1 0 0 0  299 33 304 20 656
1 1 0 0 1 1 0 0  308 292 26 29 655
0 1 0 1 0 0 0 1  308 23 302 20 653
0 0 1 0 0 0 1 1  290 322 24 16 652
0 1 0 1 0 1 1 1  34 305 23 289 651
0 0 1 0 1 0 0 0  295 18 313 23 649
0 0 1 1 0 0 0 1  303 297 20 28 648
1 0 1 0 1 1 1 0  28 296 29 293 646
0 1 0 0 1 1 0 0  282 316 20 27 645
0 1 0 1 0 0 1 1  28 289 22 305 644
1 0 1 0 1 1 0 0  22 302 30 287 641
1 0 1 0 0 0 1 1  17 23 320 281 641
0 0 1 0 0 0 0 1  284 296 30 28 638
0 1 0 0 0 0 0 1  288 19 301 28 636
0 0 1 0 1 1 0 0  22 294 24 295 635
1 1 0 0 1 0 0 0  290 293 18 30 631
1 0 1 1 0 0 1 1  25 26 309 270 630
0 1 0 0 0 0 1 1  22 278 28 299 627
0 1 0 0 0 1 0 1  290 23 280 31 624
1 0 1 0 0 0 0 1  17 21 288 294 620
0 1 0 1 1 0 0 0  25 21 307 266 619
0 1 0 1 0 1 0 1  295 24 275 22 616
1 0 1 0 1 0 1 0  301 26 266 18 611
1 0 1 1 0 0 0 1  22 28 285 262 597
1 0 0 1 0 1 0 1  68 34 323 24 449
1 0 1 1 0 1 1 0  13 33 75 314 435
1 0 0 0 0 1 0 1  63 33 313 26 435
1 1 0 0 0 1 1 0  65 316 27 26 434
0 0 0 1 1 1 1 0  29 60 25 317 431
1 0 0 0 0 1 1 1  24 74 31 302 431
1 0 0 1 1 0 1 0  73 25 301 26 425
1 0 0 1 1 1 1 0  22 71 24 307 424
0 0 0 1 1 0 1 0  74 27 294 29 424
1 0 0 1 1 0 0 1  329 57 17 17 420
1 1 0 1 0 0 1 0  19 23 67 310 419
1 1 0 0 0 0 1 0  44 304 39 26 413
1 0 1 1 0 1 0 0  18 24 58 313 413
1 0 0 1 0 1 1 1  20 70 21 300 411
0 0 0 1 1 0 0 1  310 62 18 20 410
0 0 1 1 0 1 0 0  62 311 19 18 410
1 1 1 1 0 1 1 0  332 12 50 14 408
0 1 1 0 0 1 1 0  311 17 51 23 402
0 0 0 0 1 1 1 1  292 64 15 21 392
0 1 1 0 0 1 0 0  307 19 52 13 391
1 0 0 0 1 1 1 1  313 61 8 8 390
1 1 1 1 0 0 1 0  310 17 50 12 389
0 0 1 1 0 1 1 0  68 275 24 21 388
1 0 0 1 1 0 1 1  50 305 15 18 388
0 1 1 1 0 1 0 0  65 15 291 15 386
1 1 0 1 0 1 1 0  21 22 56 284 383
0 1 1 1 0 1 1 0  63 12 293 14 382
1 0 0 0 1 0 1 1  55 301 14 11 381
0 1 1 0 0 0 1 0  310 13 41 16 380
0 0 0 0 1 0 0 1  314 43 9 12 378
0 0 0 0 1 1 0 1  65 280 16 16 377
0 0 0 1 1 1 0 1  60 281 21 12 374
1 1 1 0 0 0 0 0  56 22 282 14 374
1 1 1 0 0 1 1 0  46 15 296 16 373
0 0 0 1 1 0 1 1  59 282 24 7 372
0 1 1 1 0 0 1 0  50 13 295 13 371
1 1 1 0 0 1 0 0  58 14 280 17 369
1 0 0 0 1 0 0 1  292 41 18 17 368
1 1 1 1 0 0 0 0  276 10 61 16 363
1 1 1 1 0 1 0 0  271 16 60 12 359
1 0 0 0 1 1 0 1  42 284 15 11 352
0 1 1 1 0 0 0 0  54 16 269 13 352
0 0 0 1 1 1 1 1  275 51 14 11 351
0 0 0 0 1 0 1 1  56 270 12 12 350
0 1 1 0 0 0 0 0  269 11 52 18 350
1 0 0 1 1 1 0 1  59 265 13 9 346
1 1 1 0 0 0 1 0  50 13 267 10 340
1 0 0 1 1 1 1 1  258 55 9 3 325
1 0 1 1 1 1 1 0  8 60 7 44 119
0 1 0 1 1 0 1 0  8 7 47 56 118
0 0 1 1 1 1 0 0  4 43 7 56 110
1 1 0 1 1 1 1 0  5 4 45 54 108
1 1 0 0 0 1 1 1  4 39 4 61 108
1 0 1 1 1 1 0 0  1 50 1 54 106
1 1 0 1 0 1 1 1  4 50 4 47 105
1 1 0 0 0 0 0 1  50 5 42 7 104
1 1 0 0 1 0 1 0  63 33 3 1 100
1 0 1 0 0 1 1 1  6 7 48 39 100
0 0 1 1 0 1 0 1  34 53 5 6 98
0 0 1 1 1 1 1 0  5 37 4 51 97
0 0 1 0 0 1 0 1  42 45 3 6 96
1 1 0 0 0 1 0 1  32 4 54 6 96
0 1 0 0 1 1 1 0  40 44 5 6 95
1 1 0 1 0 1 0 1  38 2 47 7 94
1 1 0 1 0 0 1 1  4 42 3 45 94
1 1 0 0 0 0 1 1  7 33 8 46 94
1 0 1 1 1 0 1 0  42 2 44 6 94
1 0 1 1 0 1 1 1  6 8 43 36 93
0 0 1 1 1 0 1 0  32 2 54 5 93
0 0 1 0 0 1 1 1  32 45 10 4 91
1 0 1 0 0 1 0 1  9 2 44 36 91
0 0 1 1 0 1 1 1  49 36 1 4 90
1 0 1 1 0 1 0 1  4 4 37 44 89
1 1 0 1 0 0 0 1  44 4 37 3 88
1 0 1 1 1 0 0 0  48 5 29 5 87
1 1 0 1 1 0 1 0  6 3 37 39 85
0 0 1 1 1 0 0 0  37 6 40 2 85
1 1 0 0 1 1 1 0  38 37 7 2 84
0 1 0 1 1 1 1 0  5 5 35 35 80
0 1 0 0 1 0 1 0  29 39 5 3 76
0 1 0 0 1 0 0 1  18 16 18 19 71
1 1 0 0 1 1 1 1  14 24 15 12 65
1 0 1 1 1 0 0 1  13 11 21 20 65
1 1 0 0 1 1 0 1  13 15 19 17 64
0 1 1 1 0 0 0 1  18 14 17 13 62
0 1 1 1 1 1 1 0  16 16 16 14 62
1 1 1 1 1 0 0 0  15 19 11 16 61
0 1 1 0 0 0 1 1  19 11 18 13 61
1 1 1 1 0 0 1 1  13 18 14 14 59
1 1 1 0 1 0 1 0  16 16 9 17 58
1 0 1 1 1 1 1 1  13 10 20 14 57
0 1 1 1 0 0 1 1  12 11 19 14 56
0 1 1 1 0 1 0 1  10 12 16 18 56
0 1 1 0 1 1 0 0  21 13 10 12 56
0 1 0 1 1 1 0 1  16 8 14 18 56
1 1 0 0 1 0 0 1  15 11 10 20 56
1 1 0 1 1 0 0 1  12 15 14 14 55
0 1 1 1 1 0 1 0  8 16 16 15 55
1 1 1 1 0 1 1 1  15 15 11 14 55
0 1 1 0 0 1 1 1  14 15 15 11 55
1 1 1 1 1 1 1 0  9 20 15 11 55
0 1 1 0 0 0 0 1  12 13 13 17 55
0 0 1 0 1 1 1 1  7 16 12 19 54
1 1 0 1 1 1 0 1  15 16 12 11 54
0 0 1 1 1 0 0 1  14 12 14 14 54
0 1 1 0 1 1 1 0  10 17 13 14 54
1 0 1 0 1 1 1 1  10 17 13 14 54
0 1 0 0 1 0 1 1  12 9 15 16 52
1 0 1 0 1 1 0 1  17 8 16 11 52
1 1 0 0 1 0 1 1  9 18 15 10 52
0 0 1 1 1 1 0 1  12 16 13 11 52
1 0 1 0 1 0 0 1  13 10 18 10 51
1 1 1 0 0 0 0 1  8 17 15 11 51
1 0 1 1 1 1 0 1  18 8 12 12 50
0 0 1 0 1 1 0 1  13 14 10 13 50
0 1 1 0 1 0 0 0  12 13 13 12 50
1 1 1 0 0 1 0 1  10 14 12 14 50
0 0 1 1 1 1 1 1  15 14 15 6 50
1 0 1 0 1 0 1 1  12 12 16 10 50
0 1 1 1 0 1 1 1  16 7 12 14 49
1 1 1 1 0 0 0 1  13 10 8 18 49
0 1 0 1 1 0 0 1  14 12 7 16 49
0 0 1 1 1 0 1 1  11 9 13 16 49
0 1 0 1 1 1 1 1  11 12 14 12 49
0 1 1 0 1 0 1 0  12 11 14 11 48
0 1 0 0 1 1 1 1  9 15 14 10 48
0 1 1 1 1 0 0 0  11 13 12 12 48
0 1 0 1 1 0 1 1  5 14 12 17 48
0 1 0 0 1 1 0 1  13 13 13 8 47
1 0 1 1 1 0 1 1  9 14 10 14 47
1 1 1 1 0 1 0 1  9 10 17 10 46
1 1 1 0 1 1 1 0  8 15 13 9 45
1 1 0 1 1 0 1 1  9 13 10 13 45
0 0 1 0 1 0 0 1  15 7 10 13 45
1 1 1 1 1 0 1 0  6 12 11 15 44
0 1 1 1 1 1 0 0  11 14 7 12 44
1 1 0 1 1 1 1 1  11 12 8 12 43
1 1 1 0 0 1 1 1  12 15 8 7 42
0 0 1 0 1 0 1 1  13 10 11 8 42
1 1 1 0 0 0 1 1  12 10 12 7 41
1 1 1 0 1 1 0 0  11 10 7 12 40
0 1 1 0 0 1 0 1  12 5 12 10 39
1 1 1 1 1 1 0 0  11 11 11 5 38
1 1 1 0 1 0 0 0  15 6 10 7 38
1 1 1 1 1 1 0 1  4 0 5 4 13
1 1 1 0 1 1 1 1  1 4 6 2 13
0 1 1 1 1 1 0 1  3 3 2 4 12
1 1 1 0 1 1 0 1  3 2 2 3 10
0 1 1 0 1 1 1 1  1 1 2 5 9
1 1 1 1 1 1 1 1  2 2 3 2 9
0 1 1 0 1 1 0 1  2 2 2 3 9
1 1 1 1 1 0 1 1  3 2 4 0 9
0 1 1 0 1 0 1 1  1 2 4 1 8
1 1 1 0 1 0 1 1  1 3 2 1 7
0 1 1 1 1 0 1 1  3 1 2 1 7
1 1 1 1 1 0 0 1  1 2 1 3 7
0 1 1 0 1 0 0 1  0 4 2 1 7
0 1 1 1 1 0 0 1  1 2 2 1 6
1 1 1 0 1 0 0 1  0 2 0 2 4
0 1 1 1 1 1 1 1  2 0 0 1 3
